590 190 240
42 32 44
42 32 44
42 32 44
42 32 44
42 32 44
42 32 44
42 32 44
42 32 44
42 32 44
42 32 44
42 32 44
42 32 44
42 32 44
42 32 44
42 32 44
42 32 44
42 32 44
42 32 44
42 32 44
42 32 44
42 32 44
42 32 44
42 32 44
42 32 44
42 32 44
42 32 44
42 32 44
42 32 44
42 32 44
42 32 44
42 32 44
42 32 44
42 32 44
42 32 44
42 32 44
42 32 44
42 32 44
42 32 44
42 32 44
42 32 44
42 32 44
42 32 44
42 32 44
42 32 44
42 32 44
50 50 100
50 50 100
50 50 100
50 50 100
50 50 100
50 50 100
50 50 100
50 50 100
50 50 100
50 50 100
50 50 100
50 50 100
50 50 100
50 50 100
50 50 100
50 50 100
50 50 100
50 50 100
50 50 100
50 50 100
50 50 100
50 50 100
50 50 100
50 50 100
50 50 100
50 50 100
50 50 100
50 50 100
50 50 100
50 50 100
50 50 100
50 50 100
50 50 100
50 50 100
50 50 100
50 50 100
50 50 100
50 50 100
50 50 100
50 50 100
50 50 100
50 50 100
50 50 100
50 50 100
50 50 100
50 50 100
50 50 100
50 50 100
50 50 100
50 50 100
50 50 100
50 50 100
50 50 100
50 50 100
50 50 100
50 50 100
50 50 100
50 50 100
50 50 100
50 50 100
50 50 100
50 50 100
50 50 100
50 50 100
50 50 100
50 50 100
50 50 100
50 50 100
50 50 100
50 50 100
50 50 100
50 50 100
50 50 100
50 50 100
50 50 100
50 50 100
50 50 100
50 50 100
120 100 80
120 100 80
120 100 80
120 100 80
120 100 80
120 100 80
120 100 80
120 100 80
120 100 80
120 100 80
120 100 80
120 100 80
120 100 80
120 100 80
120 100 80
120 100 80
120 100 80
120 100 80
120 100 80
120 100 80
120 100 80
120 100 80
120 100 80
120 100 80
120 100 80
120 100 80
120 100 80
120 100 80
120 100 80
120 100 80
120 100 80
120 100 80
120 100 80
120 100 80
120 100 80
120 100 80
120 100 80
120 100 80
120 100 80
120 100 80
120 100 80
120 100 80
120 100 80
120 100 80
120 100 80
120 100 80
120 100 80
120 100 80
120 100 80
120 100 80
120 100 80
120 100 80
120 100 80
120 100 80
120 100 80
120 100 80
120 100 80
120 100 80
120 100 80
120 100 80
120 100 80
120 100 80
120 100 80
120 100 80
120 100 80
120 100 80
120 100 80
120 100 80
120 100 80
120 100 80
120 100 80
120 100 80
120 100 80
120 100 80
120 100 80
120 100 80
180 80 55
180 80 55
180 80 55
180 80 55
180 80 55
180 80 55
180 80 55
180 80 55
180 80 55
180 80 55
180 80 55
180 80 55
180 80 55
180 80 55
180 80 55
180 80 55
180 80 55
180 80 55
180 80 55
180 80 55
180 80 55
180 80 55
180 80 55
180 80 55
180 80 55
180 80 55
180 80 55
180 80 55
180 80 55
180 80 55
180 80 55
180 80 55
180 80 55
180 80 55
180 80 55